// MilkShape 3D ASCII

Frames: 15
Frame: 14

Meshes: 6
"Box01" 0 0
71
0 -1.846871 1.384258 15.806658 0.519197 0.419222 3
0 -3.098810 -9.236742 14.173591 0.501335 0.552752 3
0 4.743222 1.347881 15.230681 0.632096 0.419222 3
0 5.307414 -9.283143 13.438884 0.645348 0.552752 3
0 3.481896 2.877022 0.702523 0.632096 0.419222 3
0 4.153260 -7.883930 0.145147 0.645348 0.552752 3
0 -3.108197 2.913398 1.278500 0.519197 0.419222 3
0 -4.252964 -7.837529 0.879854 0.501335 0.552752 3
0 -6.275664 2.152209 9.043642 0.453879 0.419222 3
0 -8.525979 -8.526454 8.105358 0.418017 0.552752 3
0 -14.662345 -44.250000 5.896467 0.319013 0.996817 0
0 -6.940465 -44.250000 -6.600955 0.450798 0.996817 0
0 14.128398 -44.250000 5.896467 0.810367 0.996817 0
0 6.406521 -44.250000 -6.600955 0.678583 0.996817 0
0 -6.940465 -44.250000 17.829439 0.450798 0.996817 0
0 6.406521 -44.250000 17.829439 0.678583 0.996817 0
0 9.607095 -8.626546 6.520521 0.728667 0.552752 3
0 7.939831 2.073741 7.801202 0.697414 0.419222 3
0 -0.860797 18.181934 -1.367119 0.575646 0.226691 5
0 -4.946278 17.910572 3.790881 0.492559 0.226691 5
0 3.716522 17.899860 4.514338 0.636449 0.226691 5
0 -1.683117 17.731686 7.542025 0.537128 0.226691 5
0 -13.525389 8.211724 19.912462 0.315965 0.338249 11
0 -18.088493 8.559578 17.355154 0.240777 0.335702 11
0 -22.239794 4.557030 20.805922 0.167384 0.384833 11
0 -15.550131 4.066408 24.597942 0.277564 0.388310 11
0 -25.123861 24.784883 21.329557 0.115753 0.133296 13
0 -27.728804 25.096922 20.140896 0.074462 0.130748 13
0 -29.890169 21.078287 22.063313 0.034155 0.179879 13
0 -26.069227 20.640238 23.829979 0.094664 0.183357 13
0 8.149276 36.560600 3.166607 0.729004 0.000000 7
0 4.556323 36.614906 -0.744153 0.679489 0.000000 7
0 1.145840 36.294472 2.868371 0.611827 0.000000 7
0 3.715900 36.271416 5.354867 0.648122 0.000000 7
0 17.765879 14.609270 -6.761465 0.890107 0.275367 8
0 21.270016 14.050314 -9.750764 0.955207 0.284059 8
0 14.853631 13.524637 -8.276670 0.843592 0.290104 8
0 16.569736 11.946230 -11.675588 0.879150 0.311871 8
0 20.778500 26.355595 -6.951023 0.937899 0.129416 10
0 22.598183 25.705091 -9.433153 0.973674 0.138108 10
0 19.093163 25.253807 -8.366875 0.912337 0.144152 10
0 19.892155 23.585743 -11.258110 0.931877 0.165919 10
0 -10.705002 -34.949810 6.773945 0.385428 0.881919 1
0 -5.758888 -34.709595 -2.404019 0.483134 0.881919 1
0 4.098865 -34.764008 -3.265590 0.652014 0.881919 1
0 10.559164 -35.067184 4.915450 0.749720 0.881919 1
0 -4.278899 -35.240715 14.562975 0.483134 0.881919 1
0 5.578855 -35.295128 13.701404 0.652014 0.881919 1
0 2.029406 -33.450081 2.770503 0.607738 0.863525 1
0 2.109735 -10.275423 4.276387 0.604692 0.577357 3
0 -1.732851 -10.254212 4.612231 0.538861 0.577357 3
0 -2.476645 -33.425205 3.164333 0.530542 0.863525 1
0 -0.545919 -43.965652 -15.467320 0.559930 0.993285 18
0 0.186821 -40.284348 -11.510767 0.572435 0.947558 18
0 4.013546 -40.284348 -11.510767 0.637743 0.947558 18
0 4.615572 -43.965652 -15.467321 0.648018 0.993285 18
0 1.067520 -43.875000 -23.739044 0.587465 0.992159 19
0 19.732256 -44.506222 12.694647 0.906005 1.000000 14
0 18.181490 -39.743778 12.672171 0.879539 0.940844 14
0 15.683158 -39.743778 15.956995 0.836902 0.940844 14
0 16.362509 -44.506222 17.404217 0.848496 1.000000 14
0 25.239853 -44.375000 14.682007 1.000000 0.998370 15
0 -19.407354 -44.164970 21.089857 0.238033 0.995761 16
0 -18.663776 -39.085030 19.411034 0.250723 0.932661 16
0 -20.910486 -39.085030 15.600533 0.212380 0.932661 16
0 -22.437693 -44.164970 15.626604 0.186316 0.995761 16
0 -33.354813 -44.125000 21.431992 0.000000 0.995265 17
0 4.061634 -32.871670 13.976666 0.625583 0.866249 2
0 3.907972 -11.485708 13.899890 0.621078 0.562212 4
0 -1.773947 -11.454345 14.396491 0.523737 0.562212 4
0 -2.601362 -32.834892 14.559015 0.511434 0.866249 2
71
0.030386 0.411769 0.910781
-0.074435 -0.293303 0.953117
0.467620 0.158995 0.869513
0.545282 -0.036284 0.837467
-0.084653 0.327268 -0.941132
0.128878 -0.111243 -0.985401
-0.492855 0.058495 -0.868143
-0.689338 0.151095 -0.708508
-0.743828 0.477097 -0.468079
-0.982631 -0.040856 -0.181017
-0.731345 -0.425352 -0.533114
-0.410858 -0.864873 -0.288429
0.262542 -0.944228 -0.198760
0.901890 -0.197073 -0.384390
0.060462 -0.871230 0.487138
0.007923 -0.158005 0.987406
0.991591 -0.037969 0.123715
0.737627 0.459222 0.494996
-0.082697 -0.049474 -0.995346
-0.961745 0.273940 0.001833
0.967027 0.132238 0.217650
-0.216701 0.357642 0.908368
0.629221 0.759094 0.166907
-0.105439 0.348062 -0.931523
-0.788780 -0.580307 -0.202657
0.076445 -0.101908 0.991852
0.710153 0.543343 -0.447729
-0.254191 0.030496 -0.966673
-0.772505 -0.394163 0.497867
0.345941 0.191954 0.918411
0.956281 -0.223455 -0.188664
-0.364210 0.168222 -0.915998
-0.904502 0.311696 0.291069
0.107887 0.031583 0.993661
0.090042 0.298702 0.950089
0.930960 -0.364173 0.026301
-0.824160 0.566066 0.018154
-0.170012 -0.053261 -0.984002
0.326828 -0.029891 0.944611
0.850035 -0.132346 -0.509828
-0.843137 0.281146 0.458341
-0.508638 0.197132 -0.838109
-0.838192 0.517995 -0.170633
-0.563790 0.439449 -0.699303
0.529254 0.447250 -0.721011
0.894056 0.343277 -0.287793
-0.073991 0.275204 0.958534
0.309774 0.380585 0.871318
-0.568964 0.290716 0.769262
-0.344839 -0.812387 0.470227
0.669322 -0.401964 0.624847
0.445567 0.776283 0.445931
-0.799818 -0.217092 -0.559608
-0.268879 0.838872 -0.473283
0.627554 0.685330 -0.369457
0.609510 -0.764977 -0.208106
-0.097055 0.711444 -0.696009
0.571292 -0.437125 -0.694656
0.584855 0.787250 -0.195403
0.250953 0.603408 0.756916
0.095873 -0.788137 0.607988
0.934532 0.215730 0.283038
0.174795 -0.363320 0.915120
-0.112499 0.819766 0.561541
-0.623865 0.640506 -0.447821
-0.379360 -0.807594 -0.451528
-0.849872 0.440426 0.289381
-0.173165 0.529851 0.830224
-0.432117 -0.283570 0.856074
0.313818 -0.545475 0.777159
0.572988 0.255008 0.778881
132
0 0 1 2 0 1 2 1
0 1 3 2 1 3 2 1
0 4 5 6 4 5 6 1
0 5 7 6 5 7 6 1
0 6 7 8 6 7 8 1
0 7 9 8 7 9 8 1
0 10 11 12 10 11 12 1
0 11 13 12 11 13 12 1
0 14 10 12 14 10 12 1
0 14 12 15 14 12 15 1
0 3 16 17 3 16 17 1
0 3 17 2 3 17 2 1
0 18 6 8 18 6 8 1
0 18 8 19 18 8 19 1
0 18 4 6 18 4 6 1
0 20 17 4 20 17 4 1
0 20 4 18 20 4 18 1
0 20 2 17 20 2 17 1
0 19 8 0 19 8 0 1
0 19 0 21 19 0 21 1
0 21 0 2 21 0 2 1
0 21 2 20 21 2 20 1
0 22 0 8 22 0 8 1
0 22 8 23 22 8 23 1
0 23 8 9 23 8 9 1
0 23 9 24 23 9 24 1
0 24 9 1 24 9 1 1
0 24 1 25 24 1 25 1
0 25 1 0 25 1 0 1
0 25 0 22 25 0 22 1
0 26 22 23 26 22 23 1
0 26 23 27 26 23 27 1
0 27 23 24 27 23 24 1
0 27 24 28 27 24 28 1
0 28 24 25 28 24 25 1
0 28 25 29 28 25 29 1
0 29 25 22 29 25 22 1
0 29 22 26 29 22 26 1
0 30 20 18 30 20 18 1
0 30 18 31 30 18 31 1
0 31 18 19 31 18 19 1
0 31 19 32 31 19 32 1
0 32 19 21 32 19 21 1
0 32 21 33 32 21 33 1
0 33 21 20 33 21 20 1
0 33 20 30 33 20 30 1
0 34 17 16 34 17 16 1
0 34 16 35 34 16 35 1
0 36 4 17 36 4 17 1
0 36 17 34 36 17 34 1
0 35 16 5 35 16 5 1
0 35 5 37 35 5 37 1
0 37 5 4 37 5 4 1
0 37 4 36 37 4 36 1
0 38 34 35 38 34 35 1
0 38 35 39 38 35 39 1
0 40 36 34 40 36 34 1
0 40 34 38 40 34 38 1
0 39 35 37 39 35 37 1
0 39 37 41 39 37 41 1
0 41 37 36 41 37 36 1
0 41 36 40 41 36 40 1
0 42 9 7 42 9 7 1
0 42 7 43 42 7 43 1
0 43 7 5 43 7 5 1
0 43 5 44 43 5 44 1
0 44 5 16 44 5 16 1
0 44 16 45 44 16 45 1
0 46 1 9 46 1 9 1
0 46 9 42 46 9 42 1
0 45 16 3 45 16 3 1
0 45 3 47 45 3 47 1
0 48 49 50 48 49 50 1
0 48 50 51 48 50 51 1
0 10 42 43 10 42 43 1
0 10 43 11 10 43 11 1
0 13 44 45 13 44 45 1
0 13 45 12 13 45 12 1
0 15 47 46 15 47 46 1
0 15 46 14 15 46 14 1
0 52 11 43 52 11 43 1
0 52 43 53 52 43 53 1
0 53 43 44 53 43 44 1
0 53 44 54 53 44 54 1
0 54 44 13 54 44 13 1
0 54 13 55 54 13 55 1
0 55 13 11 55 13 11 1
0 55 11 52 55 11 52 1
0 56 52 53 56 52 53 1
0 56 53 54 56 53 54 1
0 56 54 55 56 54 55 1
0 56 55 52 56 55 52 1
0 57 12 45 57 12 45 1
0 57 45 58 57 45 58 1
0 58 45 47 58 45 47 1
0 58 47 59 58 47 59 1
0 59 47 15 59 47 15 1
0 59 15 60 59 15 60 1
0 60 15 12 60 15 12 1
0 60 12 57 60 12 57 1
0 61 57 58 61 57 58 1
0 61 58 59 61 58 59 1
0 61 59 60 61 59 60 1
0 61 60 57 61 60 57 1
0 62 14 46 62 14 46 1
0 62 46 63 62 46 63 1
0 63 46 42 63 46 42 1
0 63 42 64 63 42 64 1
0 64 42 10 64 42 10 1
0 64 10 65 64 10 65 1
0 65 10 14 65 10 14 1
0 65 14 62 65 14 62 1
0 66 62 63 66 62 63 1
0 66 63 64 66 63 64 1
0 66 64 65 66 64 65 1
0 66 65 62 66 65 62 1
0 67 47 3 67 47 3 1
0 67 3 68 67 3 68 1
0 68 3 1 68 3 1 1
0 68 1 69 68 1 69 1
0 69 1 46 69 1 46 1
0 69 46 70 69 46 70 1
0 70 46 47 70 46 47 1
0 70 47 67 70 47 67 1
0 48 67 68 48 67 68 1
0 48 68 49 48 68 49 1
0 49 68 69 49 68 69 1
0 49 69 50 49 69 50 1
0 50 69 70 50 69 70 1
0 50 70 51 50 70 51 1
0 51 70 67 51 70 67 1
0 51 67 48 51 67 48 1
"Sphere01" 0 0
33
0 4.641736 33.837250 2.500700 0.037426 0.840556 7
0 19.546082 40.407536 0.295194 0.037426 0.740591 7
0 14.185141 39.162262 15.220042 0.095263 0.740591 7
0 1.943500 69.922691 4.542357 0.037426 0.440694 7
0 12.277201 64.678528 16.663712 0.095263 0.540659 7
0 17.638145 65.923813 1.738863 0.037426 0.540659 7
0 4.641736 33.837250 2.500700 0.095263 0.840556 7
0 -1.114357 37.876560 17.724543 0.153100 0.740591 7
0 1.943500 69.922691 4.542357 0.095263 0.440694 7
0 -3.022300 63.392826 19.168211 0.153100 0.540659 7
0 4.641736 33.837250 2.500700 0.153100 0.840556 7
0 -11.052910 37.836140 5.304194 0.210938 0.740591 7
0 1.943500 69.922691 4.542357 0.153100 0.440694 7
0 -12.960851 63.352409 6.747864 0.210938 0.540659 7
0 4.641736 33.837250 2.500700 0.210938 0.840556 7
0 -5.691966 39.081425 -9.620654 0.268775 0.740591 7
0 1.943500 69.922691 4.542357 0.210938 0.440694 7
0 -7.599909 64.597694 -8.176984 0.268775 0.540659 7
0 4.641736 33.837250 2.500700 0.268775 0.840556 7
0 9.607532 40.367126 -12.125154 0.326612 0.740591 7
0 1.943500 69.922691 4.542357 0.268775 0.440694 7
0 7.699591 65.883392 -10.681484 0.326612 0.540659 7
0 4.641736 33.837250 2.500700 0.326612 0.840556 7
0 19.546082 40.407536 0.295194 0.384449 0.740591 7
0 1.943500 69.922691 4.542357 0.326612 0.440694 7
0 17.638145 65.923813 1.738863 0.384449 0.540659 7
0 24.929375 53.698227 -0.020370 0.037426 0.640625 7
0 17.347857 51.937145 21.086554 0.095263 0.640625 7
0 -4.288902 50.118881 24.628450 0.153100 0.640625 7
0 -18.344137 50.061722 7.063426 0.210938 0.640625 7
0 -10.762619 51.822815 -14.043497 0.268775 0.640625 7
0 10.874138 53.641083 -17.585394 0.326612 0.640625 7
0 24.929375 53.698227 -0.020370 0.384449 0.640625 7
20
0.074447 -0.995633 -0.056331
0.778946 -0.607083 -0.157145
0.464739 -0.766235 0.443736
-0.074447 0.995633 0.056331
0.349720 0.771999 0.530767
0.678997 0.729602 -0.081517
-0.211466 -0.733640 0.645797
-0.312463 0.617065 0.722218
-0.574464 -0.816313 0.060198
-0.688604 0.710171 0.146564
-0.420390 -0.678650 -0.602251
-0.521387 0.672055 -0.525830
0.284234 -0.718724 -0.634544
0.169215 0.819510 -0.547513
0.983489 0.082648 -0.160995
0.640283 0.004417 0.768126
-0.355817 -0.079291 0.931186
-0.983489 -0.082648 0.160995
-0.640283 -0.004417 -0.768126
0.355817 0.079291 -0.931186
36
0 0 1 2 0 1 2 1
0 3 4 5 3 4 5 1
0 6 2 7 0 2 6 1
0 8 9 4 3 7 4 1
0 10 7 11 0 6 8 1
0 12 13 9 3 9 7 1
0 14 11 15 0 8 10 1
0 16 17 13 3 11 9 1
0 18 15 19 0 10 12 1
0 20 21 17 3 13 11 1
0 22 19 23 0 12 1 1
0 24 25 21 3 5 13 1
0 1 26 27 1 14 15 1
0 1 27 2 1 15 2 1
0 2 27 7 2 15 6 1
0 27 28 7 15 16 6 1
0 7 28 29 6 16 17 1
0 7 29 11 6 17 8 1
0 11 29 15 8 17 10 1
0 29 30 15 17 18 10 1
0 15 30 31 10 18 19 1
0 15 31 19 10 19 12 1
0 19 31 23 12 19 1 1
0 31 32 23 19 14 1 1
0 26 5 27 14 5 15 1
0 5 4 27 5 4 15 1
0 27 4 9 15 4 7 1
0 27 9 28 15 7 16 1
0 28 9 29 16 7 17 1
0 9 13 29 7 9 17 1
0 29 13 17 17 9 11 1
0 29 17 30 17 11 18 1
0 30 17 31 18 11 19 1
0 17 21 31 11 13 19 1
0 31 21 25 19 13 5 1
0 31 25 32 19 5 14 1
"Duplicate06" 0 0
52
0 -0.975804 -29.419693 14.236051 0.867076 0.638553 2
0 -0.539264 -29.398485 13.425818 0.828146 0.638553 2
0 -1.082456 -26.281300 12.817564 0.828146 0.849818 2
0 -0.414792 -32.848106 12.553764 0.828146 0.427288 2
0 -1.049372 -32.875294 13.612551 0.867076 0.427288 2
0 -1.082456 -26.281300 12.817564 0.906006 0.849818 2
0 -1.546017 -29.392929 13.513809 0.906006 0.638553 2
0 -1.857663 -32.840141 12.679872 0.906006 0.427288 2
0 -1.109478 -29.371721 12.703578 0.944936 0.638553 2
0 -1.223083 -32.812958 11.621084 0.944936 0.427288 2
0 -1.082456 -26.281300 12.817564 0.983865 0.849818 2
0 -0.539264 -29.398485 13.425818 0.983865 0.638553 2
0 -0.414792 -32.848106 12.553764 0.983865 0.427288 2
0 1.551170 -29.195656 14.022642 0.867076 0.638553 2
0 1.987709 -29.174448 13.212410 0.828146 0.638553 2
0 1.444517 -26.057262 12.604156 0.828146 0.849818 2
0 2.110231 -32.862045 12.333076 0.828146 0.427288 2
0 1.475651 -32.889233 13.391863 0.867076 0.427288 2
0 1.444517 -26.057262 12.604156 0.906006 0.849818 2
0 0.980956 -29.168892 13.300401 0.906006 0.638553 2
0 0.667361 -32.854080 12.459184 0.906006 0.427288 2
0 1.417496 -29.147684 12.490169 0.944936 0.638553 2
0 1.301940 -32.826893 11.400396 0.944936 0.427288 2
0 1.444517 -26.057262 12.604156 0.983865 0.849818 2
0 1.987709 -29.174448 13.212410 0.983865 0.638553 2
0 2.110231 -32.862045 12.333076 0.983865 0.427288 2
0 0.283588 -29.807425 14.114059 0.867076 0.638553 2
0 0.720128 -29.786217 13.303828 0.828146 0.638553 2
0 0.176936 -26.669029 12.695573 0.828146 0.849818 2
0 0.847719 -32.855076 12.443419 0.828146 0.427288 2
0 0.213140 -32.882263 13.502207 0.867076 0.427288 2
0 0.176936 -26.669029 12.695573 0.906006 0.849818 2
0 -0.286625 -29.780659 13.391819 0.906006 0.638553 2
0 -0.595151 -32.847111 12.569528 0.906006 0.427288 2
0 0.149914 -29.759453 12.581587 0.944936 0.638553 2
0 0.039429 -32.819923 11.510740 0.944936 0.427288 2
0 0.176936 -26.669029 12.695573 0.983865 0.849818 2
0 0.720128 -29.786217 13.303828 0.983865 0.638553 2
0 0.847719 -32.855076 12.443419 0.983865 0.427288 2
0 2.998720 -28.632479 13.914004 0.867076 0.638553 2
0 3.435260 -28.611271 13.103773 0.828146 0.638553 2
0 2.892067 -25.494083 12.495518 0.828146 0.849818 2
0 3.553102 -32.870010 12.206968 0.828146 0.427288 2
0 2.918522 -32.897198 13.265756 0.867076 0.427288 2
0 2.892067 -25.494083 12.495518 0.906006 0.849818 2
0 2.428506 -28.605715 13.191764 0.906006 0.638553 2
0 2.110231 -32.862045 12.333076 0.906006 0.427288 2
0 2.865046 -28.584507 12.381532 0.944936 0.638553 2
0 2.744811 -32.834858 11.274289 0.944936 0.427288 2
0 2.892067 -25.494083 12.495518 0.983865 0.849818 2
0 3.435260 -28.611271 13.103773 0.983865 0.638553 2
0 3.553102 -32.870010 12.206968 0.983865 0.427288 2
35
0.087203 0.033293 0.995634
0.990668 0.105061 -0.086828
0.001953 0.999167 -0.040766
0.995461 0.049122 -0.081510
0.084689 -0.178672 0.980257
-0.989499 0.115992 0.086239
-0.993910 0.060103 0.092362
-0.083536 0.227608 -0.970163
-0.081364 0.301518 -0.949983
0.087216 0.039120 0.995421
0.990843 0.103126 -0.087148
0.001952 0.999167 -0.040765
-0.005561 0.995723 0.092226
0.084882 -0.169419 0.981882
-0.989749 0.114058 0.085956
-0.994160 0.056710 0.091815
-0.083837 0.215711 -0.972852
-0.081883 0.285411 -0.954901
0.087168 0.022102 0.995948
0.990328 0.108743 -0.086173
0.001952 0.999167 -0.040765
0.995219 0.055579 -0.080319
0.084298 -0.196323 0.976909
-0.989010 0.119668 0.086822
-0.993394 0.066555 0.093486
-0.082930 0.250135 -0.964653
-0.080319 0.331778 -0.939932
0.087234 0.050457 0.994909
0.991180 0.099326 -0.087729
0.001952 0.999167 -0.040765
0.995773 0.039060 -0.083131
0.085237 -0.151296 0.984807
-0.990223 0.110263 0.085446
-0.084391 0.192253 -0.977710
-0.082838 0.253420 -0.963803
48
0 0 1 2 0 1 2 1
0 0 3 1 0 3 1 1
0 0 4 3 0 4 3 1
0 5 6 0 2 5 0 1
0 7 4 0 6 4 0 1
0 6 7 0 5 6 0 1
0 8 6 5 7 5 2 1
0 8 7 6 7 6 5 1
0 8 9 7 7 8 6 1
0 10 11 8 2 1 7 1
0 12 9 8 3 8 7 1
0 11 12 8 1 3 7 1
0 13 14 15 9 10 11 1
0 13 16 14 9 12 10 1
0 13 17 16 9 13 12 1
0 18 19 13 11 14 9 1
0 20 17 13 15 13 9 1
0 19 20 13 14 15 9 1
0 21 19 18 16 14 11 1
0 21 20 19 16 15 14 1
0 21 22 20 16 17 15 1
0 23 24 21 11 10 16 1
0 25 22 21 12 17 16 1
0 24 25 21 10 12 16 1
0 26 27 28 18 19 20 1
0 26 29 27 18 21 19 1
0 26 30 29 18 22 21 1
0 31 32 26 20 23 18 1
0 33 30 26 24 22 18 1
0 32 33 26 23 24 18 1
0 34 32 31 25 23 20 1
0 34 33 32 25 24 23 1
0 34 35 33 25 26 24 1
0 36 37 34 20 19 25 1
0 38 35 34 21 26 25 1
0 37 38 34 19 21 25 1
0 39 40 41 27 28 29 1
0 39 42 40 27 30 28 1
0 39 43 42 27 31 30 1
0 44 45 39 29 32 27 1
0 46 43 39 12 31 27 1
0 45 46 39 32 12 27 1
0 47 45 44 33 32 29 1
0 47 46 45 33 12 32 1
0 47 48 46 33 34 12 1
0 49 50 47 29 28 33 1
0 51 48 47 30 34 33 1
0 50 51 47 28 30 33 1
"Duplicate07" 0 0
52
0 -1.144699 -17.581787 11.555989 0.832797 0.844788 4
0 -0.531875 -14.587111 12.574933 0.832797 0.637779 4
0 -0.969056 -14.664583 13.381384 0.869185 0.637779 4
0 -0.333403 -11.434426 12.132585 0.832797 0.430769 4
0 -0.968816 -11.534731 13.186459 0.869185 0.430769 4
0 -1.538629 -14.581553 12.662924 0.905572 0.637779 4
0 -1.144699 -17.581787 11.555989 0.905572 0.844788 4
0 -1.776274 -11.426461 12.258692 0.905572 0.430769 4
0 -1.101448 -14.504081 11.856473 0.941960 0.637779 4
0 -1.140861 -11.326157 11.204819 0.941960 0.430769 4
0 -0.531875 -14.587111 12.574933 0.978346 0.637779 4
0 -1.144699 -17.581787 11.555989 0.978346 0.844788 4
0 -0.333403 -11.434426 12.132585 0.978346 0.430769 4
0 1.374790 -17.974594 11.295904 0.832797 0.844788 4
0 1.987614 -14.979918 12.314848 0.832797 0.637779 4
0 1.550433 -15.057390 13.121300 0.869185 0.637779 4
0 2.191620 -11.448363 11.911897 0.832797 0.430769 4
0 1.556207 -11.548669 12.965771 0.869185 0.430769 4
0 0.980860 -14.974360 12.402839 0.905572 0.637779 4
0 1.374790 -17.974594 11.295904 0.905572 0.844788 4
0 0.748750 -11.440399 12.038004 0.905572 0.430769 4
0 1.418041 -14.896888 11.596388 0.941960 0.637779 4
0 1.384163 -11.340095 10.984130 0.941960 0.430769 4
0 1.987614 -14.979918 12.314848 0.978346 0.637779 4
0 1.374790 -17.974594 11.295904 0.978346 0.844788 4
0 2.191620 -11.448363 11.911897 0.978346 0.430769 4
0 0.103285 -18.583288 11.342228 0.832797 0.844788 4
0 0.716108 -15.588612 12.361173 0.832797 0.637779 4
0 0.278928 -15.666083 13.167624 0.869185 0.637779 4
0 0.929109 -11.441395 12.022241 0.832797 0.430769 4
0 0.293696 -11.541700 13.076115 0.869185 0.430769 4
0 -0.290645 -15.583054 12.449163 0.905572 0.637779 4
0 0.103285 -18.583288 11.342228 0.905572 0.844788 4
0 -0.513762 -11.433431 12.148348 0.905572 0.430769 4
0 0.146536 -15.505582 11.642713 0.941960 0.637779 4
0 0.121651 -11.333125 11.094475 0.941960 0.430769 4
0 0.716108 -15.588612 12.361173 0.978346 0.637779 4
0 0.103285 -18.583288 11.342228 0.978346 0.844788 4
0 0.929109 -11.441395 12.022241 0.978346 0.430769 4
0 2.823195 -17.603689 11.209194 0.832797 0.844788 4
0 3.436019 -14.609013 12.228138 0.832797 0.637779 4
0 2.998838 -14.686485 13.034589 0.869185 0.637779 4
0 3.634490 -11.456328 11.785789 0.832797 0.430769 4
0 2.999078 -11.556633 12.839663 0.869185 0.430769 4
0 2.429266 -14.603456 12.316129 0.905572 0.637779 4
0 2.823195 -17.603689 11.209194 0.905572 0.844788 4
0 2.191620 -11.448363 11.911897 0.905572 0.430769 4
0 2.866446 -14.525983 11.509678 0.941960 0.637779 4
0 2.827033 -11.348059 10.858023 0.941960 0.430769 4
0 3.436019 -14.609013 12.228138 0.978346 0.637779 4
0 2.823195 -17.603689 11.209194 0.978346 0.844788 4
0 3.634490 -11.456328 11.785789 0.978346 0.430769 4
35
-0.020647 -0.984519 -0.174060
0.987737 -0.118671 -0.101454
0.085127 -0.157102 0.983907
0.993823 -0.066892 -0.088549
0.087241 0.061916 0.994261
-0.991601 -0.107745 0.071541
-0.994789 -0.055915 0.085257
-0.087112 -0.116900 -0.989316
-0.086391 -0.201154 -0.975743
-0.020647 -0.984519 -0.174060
0.988162 -0.114943 -0.101611
0.084908 -0.168148 0.982098
0.010411 -0.999422 -0.032360
0.087225 0.043971 0.995218
-0.992006 -0.104013 0.071456
-0.995157 -0.049360 0.085007
-0.087198 -0.093830 -0.991762
-0.086734 -0.169806 -0.981653
-0.020647 -0.984519 -0.174060
0.988677 -0.110315 -0.101724
0.084624 -0.181685 0.979709
0.994654 -0.052206 -0.089096
0.087167 0.021786 0.995955
-0.992482 -0.099379 0.071430
-0.995541 -0.041221 0.084847
-0.087240 -0.065032 -0.994062
-0.087040 -0.130291 -0.987648
-0.020647 -0.984519 -0.174060
0.987737 -0.118671 -0.101454
0.085127 -0.157102 0.983907
0.993823 -0.066892 -0.088549
0.087241 0.061916 0.994261
-0.991601 -0.107745 0.071541
-0.087112 -0.116900 -0.989316
-0.086391 -0.201154 -0.975743
48
0 0 1 2 0 1 2 1
0 1 3 2 1 3 2 1
0 3 4 2 3 4 2 1
0 2 5 6 2 5 0 1
0 2 4 7 2 4 6 1
0 2 7 5 2 6 5 1
0 6 5 8 0 5 7 1
0 5 7 8 5 6 7 1
0 7 9 8 6 8 7 1
0 8 10 11 7 1 0 1
0 8 9 12 7 8 3 1
0 8 12 10 7 3 1 1
0 13 14 15 9 10 11 1
0 14 16 15 10 12 11 1
0 16 17 15 12 13 11 1
0 15 18 19 11 14 9 1
0 15 17 20 11 13 15 1
0 15 20 18 11 15 14 1
0 19 18 21 9 14 16 1
0 18 20 21 14 15 16 1
0 20 22 21 15 17 16 1
0 21 23 24 16 10 9 1
0 21 22 25 16 17 12 1
0 21 25 23 16 12 10 1
0 26 27 28 18 19 20 1
0 27 29 28 19 21 20 1
0 29 30 28 21 22 20 1
0 28 31 32 20 23 18 1
0 28 30 33 20 22 24 1
0 28 33 31 20 24 23 1
0 32 31 34 18 23 25 1
0 31 33 34 23 24 25 1
0 33 35 34 24 26 25 1
0 34 36 37 25 19 18 1
0 34 35 38 25 26 21 1
0 34 38 36 25 21 19 1
0 39 40 41 27 28 29 1
0 40 42 41 28 30 29 1
0 42 43 41 30 31 29 1
0 41 44 45 29 32 27 1
0 41 43 46 29 31 12 1
0 41 46 44 29 12 32 1
0 45 44 47 27 32 33 1
0 44 46 47 32 12 33 1
0 46 48 47 12 34 33 1
0 47 49 50 33 28 27 1
0 47 48 51 33 34 30 1
0 47 51 49 33 30 28 1
"Duplicate08" 0 0
33
0 20.379164 21.686220 -9.585280 0.037426 0.840556 10
0 36.279797 25.039303 -12.054970 0.037426 0.740591 10
0 30.447689 27.373577 2.559383 0.095263 0.740591 10
0 24.284023 57.478214 -13.743846 0.037426 0.440694 10
0 33.208847 52.682354 -0.381170 0.095263 0.540659 10
0 39.040951 50.348076 -14.995522 0.037426 0.540659 10
0 20.379164 21.686220 -9.585280 0.095263 0.840556 10
0 15.118910 29.262110 4.420064 0.153100 0.740591 10
0 24.284023 57.478214 -13.743846 0.095263 0.440694 10
0 17.880062 54.570881 1.479515 0.153100 0.540659 10
0 20.379164 21.686220 -9.585280 0.153100 0.840556 10
0 5.622236 28.816374 -8.333606 0.210938 0.740591 10
0 24.284023 57.478214 -13.743846 0.153100 0.440694 10
0 8.383389 54.125141 -11.274157 0.210938 0.540659 10
0 20.379164 21.686220 -9.585280 0.210938 0.840556 10
0 11.454343 26.482105 -22.947956 0.268775 0.740591 10
0 24.284023 57.478214 -13.743846 0.210938 0.440694 10
0 14.215496 51.790871 -25.888506 0.268775 0.540659 10
0 20.379164 21.686220 -9.585280 0.268775 0.840556 10
0 26.783125 24.593571 -24.808641 0.326612 0.740591 10
0 24.284023 57.478214 -13.743846 0.268775 0.440694 10
0 29.544281 49.902348 -27.749193 0.326612 0.540659 10
0 20.379164 21.686220 -9.585280 0.326612 0.840556 10
0 36.279797 25.039303 -12.054970 0.384449 0.740591 10
0 24.284023 57.478214 -13.743846 0.326612 0.440694 10
0 39.040951 50.348076 -14.995522 0.384449 0.540659 10
0 44.009758 36.911434 -14.295963 0.037426 0.640625 10
0 35.761917 40.212597 6.371848 0.095263 0.640625 10
0 14.083751 42.883389 9.003250 0.153100 0.640625 10
0 0.653427 42.253014 -9.033163 0.210938 0.640625 10
0 8.901271 38.951855 -29.700972 0.268775 0.640625 10
0 30.579441 36.281078 -32.332378 0.326612 0.640625 10
0 44.009758 36.911434 -14.295963 0.384449 0.640625 10
20
-0.107739 -0.987536 0.114739
0.658044 -0.752889 -0.011634
0.306607 -0.747178 0.589675
0.107739 0.987536 -0.114739
0.473062 0.778547 0.412405
0.802689 0.572924 -0.165677
-0.356582 -0.561189 0.746938
-0.210421 0.778532 0.591280
-0.715335 -0.679080 0.164763
-0.550151 0.834991 -0.011152
-0.523835 -0.688070 -0.502152
-0.377673 0.651651 -0.657810
0.162106 -0.856800 -0.489505
0.328560 0.668925 -0.666774
0.985371 -0.121400 -0.119609
0.612867 0.024901 0.789794
-0.385140 0.147857 0.910937
-0.985371 0.121400 0.119609
-0.612867 -0.024901 -0.789794
0.385140 -0.147857 -0.910937
36
0 0 1 2 0 1 2 1
0 3 4 5 3 4 5 1
0 6 2 7 0 2 6 1
0 8 9 4 3 7 4 1
0 10 7 11 0 6 8 1
0 12 13 9 3 9 7 1
0 14 11 15 0 8 10 1
0 16 17 13 3 11 9 1
0 18 15 19 0 10 12 1
0 20 21 17 3 13 11 1
0 22 19 23 0 12 1 1
0 24 25 21 3 5 13 1
0 1 26 27 1 14 15 1
0 1 27 2 1 15 2 1
0 2 27 7 2 15 6 1
0 27 28 7 15 16 6 1
0 7 28 29 6 16 17 1
0 7 29 11 6 17 8 1
0 11 29 15 8 17 10 1
0 29 30 15 17 18 10 1
0 15 30 31 10 18 19 1
0 15 31 19 10 19 12 1
0 19 31 23 12 19 1 1
0 31 32 23 19 14 1 1
0 26 5 27 14 5 15 1
0 5 4 27 5 4 15 1
0 27 4 9 15 4 7 1
0 27 9 28 15 7 16 1
0 28 9 29 16 7 17 1
0 9 13 29 7 9 17 1
0 29 13 17 17 9 11 1
0 29 17 30 17 11 18 1
0 30 17 31 18 11 19 1
0 17 21 31 11 13 19 1
0 31 21 25 19 13 5 1
0 31 25 32 19 5 14 1
"Duplicate09" 0 0
33
0 -25.972372 19.169346 22.211567 0.037426 0.840556 13
0 -12.860740 29.073177 22.626263 0.037426 0.740591 13
0 -18.959976 24.347939 36.537159 0.095263 0.740591 13
0 -37.082996 53.025265 28.840239 0.037426 0.440694 13
0 -26.816385 48.287697 41.224339 0.095263 0.540659 13
0 -20.717142 53.012924 27.313444 0.037426 0.540659 13
0 -25.972372 19.169346 22.211567 0.095263 0.840556 13
0 -33.698727 19.402197 37.093212 0.153100 0.740591 13
0 -37.082996 53.025265 28.840239 0.095263 0.440694 13
0 -41.555130 43.341953 41.780392 0.153100 0.540659 13
0 -25.972372 19.169346 22.211567 0.153100 0.840556 13
0 -42.338234 19.181694 23.738369 0.210938 0.740591 13
0 -37.082996 53.025265 28.840239 0.153100 0.440694 13
0 -50.194641 43.121456 28.425547 0.210938 0.540659 13
0 -25.972372 19.169346 22.211567 0.210938 0.840556 13
0 -36.239006 23.906929 9.827476 0.268775 0.740591 13
0 -37.082996 53.025265 28.840239 0.210938 0.440694 13
0 -44.095394 47.846699 14.514661 0.268775 0.540659 13
0 -25.972372 19.169346 22.211567 0.268775 0.840556 13
0 -21.500246 28.852676 9.271419 0.326612 0.740591 13
0 -37.082996 53.025265 28.840239 0.268775 0.440694 13
0 -29.356653 52.792431 13.958602 0.326612 0.540659 13
0 -25.972372 19.169346 22.211567 0.326612 0.840556 13
0 -12.860740 29.073177 22.626263 0.384449 0.740591 13
0 -37.082996 53.025265 28.840239 0.326612 0.440694 13
0 -20.717142 53.012924 27.313444 0.384449 0.540659 13
0 -10.683960 43.091648 24.739529 0.037426 0.640625 13
0 -19.309578 36.409164 44.412502 0.095263 0.640625 13
0 -40.153316 29.414825 45.198879 0.153100 0.640625 13
0 -52.371418 29.102980 26.312277 0.210938 0.640625 13
0 -43.745792 35.785469 6.639310 0.268775 0.640625 13
0 -22.902065 42.779823 5.852935 0.326612 0.640625 13
0 -10.683960 43.091648 24.739529 0.384449 0.640625 13
20
0.306553 -0.934118 -0.182892
0.908034 -0.391400 -0.149264
0.592253 -0.707946 0.384771
-0.306553 0.934118 0.182892
0.118634 0.735249 0.667335
0.496472 0.862697 0.096276
-0.087087 -0.854876 0.511471
-0.502966 0.412375 0.759586
-0.373387 -0.920236 -0.117250
-0.843388 0.511935 0.163156
-0.203027 -0.649278 -0.732952
-0.618905 0.617974 -0.484835
0.492085 -0.530315 -0.690376
0.018466 0.912880 -0.407811
0.947442 0.317924 -0.035744
0.558726 0.021032 0.829086
-0.400866 -0.300969 0.865288
-0.947442 -0.317924 0.035744
-0.558726 -0.021032 -0.829086
0.400866 0.300969 -0.865288
36
0 0 1 2 0 1 2 1
0 3 4 5 3 4 5 1
0 6 2 7 0 2 6 1
0 8 9 4 3 7 4 1
0 10 7 11 0 6 8 1
0 12 13 9 3 9 7 1
0 14 11 15 0 8 10 1
0 16 17 13 3 11 9 1
0 18 15 19 0 10 12 1
0 20 21 17 3 13 11 1
0 22 19 23 0 12 1 1
0 24 25 21 3 5 13 1
0 1 26 27 1 14 15 1
0 1 27 2 1 15 2 1
0 2 27 7 2 15 6 1
0 27 28 7 15 16 6 1
0 7 28 29 6 16 17 1
0 7 29 11 6 17 8 1
0 11 29 15 8 17 10 1
0 29 30 15 17 18 10 1
0 15 30 31 10 18 19 1
0 15 31 19 10 19 12 1
0 19 31 23 12 19 1 1
0 31 32 23 19 14 1 1
0 26 5 27 14 5 15 1
0 5 4 27 5 4 15 1
0 27 4 9 15 4 7 1
0 27 9 28 15 7 16 1
0 28 9 29 16 7 17 1
0 9 13 29 7 9 17 1
0 29 13 17 17 9 11 1
0 29 17 30 17 11 18 1
0 30 17 31 18 11 19 1
0 17 21 31 11 13 19 1
0 31 21 25 19 13 5 1
0 31 25 32 19 5 14 1

Materials: 1
"Material01"
0.200000 0.200000 0.200000 1.000000
0.800000 0.800000 0.800000 1.000000
0.000000 0.000000 0.000000 1.000000
0.000000 0.000000 0.000000 1.000000
0.000000
1.000000
"C:\Users\zancrus\textures\flesheater.bmp"
""

Bones: 20
"trunk"
""
0 0.000000 -44.149998 5.749999 0.000000 0.000000 0.000000
4
1.000000 0.000000 0.000000 0.000000
5.000000 0.000000 0.000000 0.000000
10.000000 0.000000 0.000000 0.000000
15.000000 0.000000 0.000000 0.000000
4
1.000000 0.000000 0.000000 0.000000
5.000000 0.000000 0.000000 0.000000
10.000000 0.000000 0.000000 0.000000
15.000000 0.000000 0.000000 0.000000
"head"
"trunk"
0 -0.007254 9.200001 -0.199855 0.000000 0.000000 0.000000
4
1.000000 0.000000 0.000000 0.000000
5.000000 0.000000 0.000000 0.000000
10.000000 0.000000 0.000000 0.000000
15.000000 0.000000 0.000000 0.000000
4
1.000000 0.000000 0.000000 0.000000
5.000000 0.157080 -0.209440 -0.000000
10.000000 0.157080 0.436332 -0.000000
15.000000 0.000000 0.000000 0.000000
"bottomteeth"
"head"
0 0.000001 1.199997 6.800019 0.000000 0.000000 0.000000
4
1.000000 0.000000 0.000000 0.000000
5.000000 0.000000 5.354988 0.569303
10.000000 0.000000 5.354988 0.569303
15.000000 0.000000 0.000000 0.000000
4
1.000000 0.000000 0.000000 0.000000
5.000000 0.000000 0.000000 0.000000
10.000000 0.000000 0.000000 0.000000
15.000000 0.000000 0.000000 0.000000
"hair"
"head"
0 0.000000 26.800089 0.000000 0.000000 0.000000 0.000000
4
1.000000 0.000000 0.000000 0.000000
5.000000 0.000000 -0.060740 3.452001
10.000000 0.000000 -0.060740 3.452001
15.000000 0.000000 0.000000 0.000000
4
1.000000 0.000000 0.000000 0.000000
5.000000 0.366519 0.000000 0.000000
10.000000 0.366519 0.000000 0.000000
15.000000 0.000000 0.000000 0.000000
"topteeth"
"hair"
0 0.000000 -0.599999 5.000012 0.000000 0.000000 0.000000
4
1.000000 0.000000 0.000000 0.000000
5.000000 0.000000 -6.488975 2.360769
10.000000 0.000000 -6.488975 2.360769
15.000000 0.000000 0.000000 0.000000
4
1.000000 0.000000 0.000000 0.000000
5.000000 0.000000 0.000000 0.000000
10.000000 0.000000 0.000000 0.000000
15.000000 0.000000 0.000000 0.000000
"branch1"
"hair"
0 -0.000000 11.200024 -0.800000 -1.884235 0.048741 0.000000
4
1.000000 0.000000 0.000000 0.000000
5.000000 0.000000 0.000000 0.000000
10.000000 0.000000 0.000001 0.000001
15.000000 0.000000 0.000000 0.000000
4
1.000000 0.000000 0.000000 0.000000
5.000000 -0.278910 0.013357 0.002348
10.000000 -0.300654 -0.102357 0.369006
15.000000 0.000000 0.000000 0.000000
"branch1b"
"branch1"
0 0.000000 0.000000 15.586388 0.311046 0.358966 0.000000
4
1.000000 -0.000000 -0.000000 0.000000
5.000000 -0.000000 -0.000000 0.000000
10.000000 -0.000000 -0.000001 0.000000
15.000000 -0.000000 -0.000000 0.000000
4
1.000000 0.000000 0.000000 0.000000
5.000000 -0.500064 -0.100270 -0.159346
10.000000 -0.249571 -0.183256 0.024002
15.000000 0.000000 0.000000 0.000000
"branch1c"
"branch1b"
5 0.000000 0.000000 19.203867 0.000000 0.000000 0.000000
4
1.000000 0.000000 0.000000 0.000000
5.000000 0.000000 0.000000 0.000000
10.000000 0.000000 0.000000 0.000000
15.000000 0.000000 0.000000 0.000000
4
1.000000 0.000000 0.000000 0.000000
5.000000 -0.226893 0.000000 0.000000
10.000000 0.226893 0.000000 0.000000
15.000000 0.000000 0.000000 0.000000
"branch2"
"hair"
0 7.133330 5.600001 -3.600020 2.403989 0.732522 -3.141593
4
1.000000 -0.000000 0.000000 0.000000
5.000000 -0.000000 0.000000 0.000000
10.000000 -0.000000 0.000000 0.000000
15.000000 -0.000000 0.000000 0.000000
4
1.000000 0.000000 0.000000 0.000000
5.000000 0.175408 0.120021 -0.110824
10.000000 0.168979 0.210191 -0.029662
15.000000 0.000000 0.000000 0.000000
"branch2b"
"branch2"
0 0.000000 0.000000 22.899048 0.642028 0.242113 -3.141593
4
1.000000 -0.000000 -0.000000 -0.000001
5.000000 -0.000001 -0.000000 -0.000001
10.000000 -0.000001 -0.000000 -0.000001
15.000000 -0.000001 -0.000000 -0.000001
4
1.000000 0.000000 0.000000 0.000000
5.000000 -0.202747 -0.033930 -0.036906
10.000000 -0.118407 -0.018887 -0.022368
15.000000 0.000000 0.000000 0.000000
"branch2c"
"branch2b"
0 0.000000 0.000000 12.242305 0.000000 0.000000 0.000000
4
1.000000 0.000000 0.000000 0.000000
5.000000 0.000000 0.000000 0.000000
10.000000 0.000000 0.000000 0.000000
15.000000 0.000000 0.000000 0.000000
4
1.000000 0.000000 0.000000 0.000000
5.000000 -0.366519 0.000000 0.000000
10.000000 -0.000000 0.000000 0.000000
15.000000 0.000000 0.000000 0.000000
"branch3"
"hair"
0 -5.666665 5.466615 3.799909 0.547430 1.075670 -3.141593
4
1.000000 0.000000 0.000000 -0.000000
5.000000 0.000000 -0.000000 -0.000001
10.000000 0.000001 -0.000000 -0.000001
15.000000 0.000000 -0.000000 -0.000000
4
1.000000 0.000000 0.000000 0.000000
5.000000 0.196322 0.140883 0.290616
10.000000 0.227243 0.256165 0.223964
15.000000 0.000000 0.000000 0.000000
"branch3b"
"branch3"
0 0.000000 0.000000 18.239685 0.518483 0.285883 0.000000
4
1.000000 0.000000 0.000000 -0.000000
5.000000 0.000000 0.000001 -0.000001
10.000000 0.000000 0.000001 -0.000001
15.000000 0.000000 0.000000 -0.000001
4
1.000000 0.000000 0.000000 0.000000
5.000000 -0.073786 0.177720 0.285208
10.000000 -0.097016 -0.126447 0.288999
15.000000 0.000000 0.000000 0.000000
"branch3c"
"branch3b"
0 0.000000 0.000000 18.750101 0.000000 0.000000 0.000000
4
1.000000 0.000000 0.000000 0.000000
5.000000 0.000000 0.000000 0.000000
10.000000 0.000000 0.000000 0.000000
15.000000 0.000000 0.000000 0.000000
4
1.000000 0.000000 0.000000 0.000000
5.000000 0.000000 0.279253 0.000000
10.000000 0.000000 -0.139626 0.000000
15.000000 0.000000 0.000000 0.000000
"root1"
"trunk"
0 9.999999 0.200001 6.000001 0.000000 1.231716 0.000000
4
1.000000 -0.000000 0.000000 0.000000
5.000000 -0.000000 0.000000 0.000000
10.000000 -0.000000 0.000000 0.000000
15.000000 -0.000000 0.000000 0.000000
4
1.000000 0.000000 0.000000 0.000000
5.000000 0.000000 0.000000 0.000000
10.000000 0.000000 0.000000 0.000000
15.000000 0.000000 0.000000 0.000000
"root1b"
"root1"
0 0.000000 0.000000 8.718655 0.000000 0.000000 0.000000
4
1.000000 0.000000 0.000000 0.000000
5.000000 0.000000 0.000000 0.000000
10.000000 0.000000 0.000000 0.000000
15.000000 0.000000 0.000000 0.000000
4
1.000000 0.000000 0.000000 0.000000
5.000000 0.000000 0.000000 0.000000
10.000000 0.000000 0.000000 0.000000
15.000000 0.000000 0.000000 0.000000
"root2"
"trunk"
0 -8.377778 0.000000 4.900002 0.000000 1.018212 -3.141593
4
1.000000 0.000000 0.000000 0.000000
5.000000 0.000000 -0.000000 0.000000
10.000000 0.000000 -0.000000 0.000000
15.000000 0.000000 -0.000000 0.000000
4
1.000000 0.000000 0.000000 0.000000
5.000000 0.000000 0.000000 0.000000
10.000000 0.000000 0.000000 0.000000
15.000000 0.000000 0.000000 0.000000
"root2b"
"root2"
0 0.000000 0.000000 14.098226 0.000000 0.000000 0.000000
4
1.000000 0.000000 0.000000 0.000000
5.000000 0.000000 0.000000 0.000000
10.000000 0.000000 0.000000 0.000000
15.000000 0.000000 0.000000 0.000000
4
1.000000 0.000000 0.000000 0.000000
5.000000 0.000000 0.000000 0.000000
10.000000 0.000000 0.000000 0.000000
15.000000 0.000000 0.000000 0.000000
"root3"
"trunk"
0 -0.177777 0.000000 -10.499999 -3.141593 0.197396 -3.141593
4
1.000000 0.000000 0.000000 0.000000
5.000000 -0.000000 0.000000 0.000000
10.000000 -0.000000 0.000000 0.000000
15.000000 0.000000 0.000000 0.000000
4
1.000000 0.000000 0.000000 0.000000
5.000000 0.000000 0.000000 0.000000
10.000000 0.000000 0.000000 0.000000
15.000000 0.000000 0.000000 0.000000
"root3b"
"root3"
0 0.000000 0.000000 11.217843 0.000000 0.000000 0.000000
4
1.000000 0.000000 0.000000 0.000000
5.000000 0.000000 0.000000 0.000000
10.000000 0.000000 0.000000 0.000000
15.000000 0.000000 0.000000 0.000000
4
1.000000 0.000000 0.000000 0.000000
5.000000 0.000000 0.000000 0.000000
10.000000 0.000000 0.000000 0.000000
15.000000 0.000000 0.000000 0.000000
